       P1         P2           P3        X     Y
      3.00     500.00      30.00     1   0.00000
      3.00     500.00      30.00     2   0.09978
      3.00     500.00      30.00     3   0.19905
      3.00     500.00      30.00     4   0.29771
      3.00     500.00      30.00     5   0.39564
      3.00     500.00      30.00     6   0.49274
      3.00     500.00      30.00     7   0.58890
      3.00     500.00      30.00     8   0.68402
      3.00     500.00      30.00     9   0.77800
      3.00     500.00      30.00    10   0.87075
      3.00     500.00      30.00    11   0.96215
      3.00     500.00      30.00    12   1.05211
      3.00     500.00      30.00    13   1.14055
      3.00     500.00      30.00    14   1.22737
      3.00     500.00      30.00    15   1.31247
      3.00     500.00      30.00    16   1.39577
      3.00     500.00      30.00    17   1.47719
      3.00     500.00      30.00    18   1.55663
      3.00     500.00      30.00    19   1.63403
      3.00     500.00      30.00    20   1.70930
      3.00     500.00      30.00    21   1.78237
      3.00     500.00      30.00    22   1.85316
      3.00     500.00      30.00    23   1.92161
      3.00     500.00      30.00    24   1.98765
      3.00     500.00      30.00    25   2.05121
      3.00     500.00      30.00    26   2.11223
      3.00     500.00      30.00    27   2.17066
      3.00     500.00      30.00    28   2.22645
      3.00     500.00      30.00    29   2.27953
      3.00     500.00      30.00    30   2.32986
      3.00     500.00      30.00    31   2.37740
      3.00     500.00      30.00    32   2.42211
      3.00     500.00      30.00    33   2.46394
      3.00     500.00      30.00    34   2.50286
      3.00     500.00      30.00    35   2.53884
      3.00     500.00      30.00    36   2.57185
      3.00     500.00      30.00    37   2.60187
      3.00     500.00      30.00    38   2.62888
      3.00     500.00      30.00    39   2.65285
      3.00     500.00      30.00    40   2.67377
      3.00     500.00      30.00    41   2.69164
      3.00     500.00      30.00    42   2.70643
      3.00     500.00      30.00    43   2.71816
      3.00     500.00      30.00    44   2.72682
      3.00     500.00      30.00    45   2.73240
      3.00     500.00      30.00    46   2.73493
      3.00     500.00      30.00    47   2.73440
      3.00     500.00      30.00    48   2.73083
      3.00     500.00      30.00    49   2.72423
      3.00     500.00      30.00    50   2.71463
      3.00     500.00      30.00    51   2.70205
      3.00     500.00      30.00    52   2.68651
      3.00     500.00      30.00    53   2.66804
      3.00     500.00      30.00    54   2.64668
      3.00     500.00      30.00    55   2.62246
      3.00     500.00      30.00    56   2.59541
      3.00     500.00      30.00    57   2.56559
      3.00     500.00      30.00    58   2.53303
      3.00     500.00      30.00    59   2.49778
      3.00     500.00      30.00    60   2.45990
      3.00     500.00      30.00    61   2.41942
      3.00     500.00      30.00    62   2.37642
      3.00     500.00      30.00    63   2.33094
      3.00     500.00      30.00    64   2.28305
      3.00     500.00      30.00    65   2.23282
      3.00     500.00      30.00    66   2.18029
      3.00     500.00      30.00    67   2.12556
      3.00     500.00      30.00    68   2.06867
      3.00     500.00      30.00    69   2.00971
      3.00     500.00      30.00    70   1.94875
      3.00     500.00      30.00    71   1.88586
      3.00     500.00      30.00    72   1.82113
      3.00     500.00      30.00    73   1.75463
      3.00     500.00      30.00    74   1.68644
      3.00     500.00      30.00    75   1.61664
      3.00     500.00      30.00    76   1.54533
      3.00     500.00      30.00    77   1.47258
      3.00     500.00      30.00    78   1.39848
      3.00     500.00      30.00    79   1.32313
      3.00     500.00      30.00    80   1.24660
      3.00     500.00      30.00    81   1.16899
      3.00     500.00      30.00    82   1.09038
      3.00     500.00      30.00    83   1.01088
      3.00     500.00      30.00    84   0.93057
      3.00     500.00      30.00    85   0.84955
      3.00     500.00      30.00    86   0.76790
      3.00     500.00      30.00    87   0.68573
      3.00     500.00      30.00    88   0.60312
      3.00     500.00      30.00    89   0.52017
      3.00     500.00      30.00    90   0.43697
      3.00     500.00      30.00    91   0.35362
      3.00     500.00      30.00    92   0.27021
      3.00     500.00      30.00    93   0.18683
      3.00     500.00      30.00    94   0.10357
      3.00     500.00      30.00    95   0.02053
      3.00     500.00      30.00    96  -0.06220
      3.00     500.00      30.00    97  -0.14453
      3.00     500.00      30.00    98  -0.22637
      3.00     500.00      30.00    99  -0.30763
      3.00     500.00      30.00   100  -0.38823
      3.00     500.00      30.00   101  -0.46807
      3.00     500.00      30.00   102  -0.54707
      3.00     500.00      30.00   103  -0.62515
      3.00     500.00      30.00   104  -0.70222
      3.00     500.00      30.00   105  -0.77821
      3.00     500.00      30.00   106  -0.85302
      3.00     500.00      30.00   107  -0.92658
      3.00     500.00      30.00   108  -0.99882
      3.00     500.00      30.00   109  -1.06966
      3.00     500.00      30.00   110  -1.13903
      3.00     500.00      30.00   111  -1.20685
      3.00     500.00      30.00   112  -1.27306
      3.00     500.00      30.00   113  -1.33759
      3.00     500.00      30.00   114  -1.40037
      3.00     500.00      30.00   115  -1.46134
      3.00     500.00      30.00   116  -1.52045
      3.00     500.00      30.00   117  -1.57762
      3.00     500.00      30.00   118  -1.63282
      3.00     500.00      30.00   119  -1.68597
      3.00     500.00      30.00   120  -1.73704
      3.00     500.00      30.00   121  -1.78597
      3.00     500.00      30.00   122  -1.83271
      3.00     500.00      30.00   123  -1.87723
      3.00     500.00      30.00   124  -1.91949
      3.00     500.00      30.00   125  -1.95944
      3.00     500.00      30.00   126  -1.99705
      3.00     500.00      30.00   127  -2.03228
      3.00     500.00      30.00   128  -2.06512
      3.00     500.00      30.00   129  -2.09552
      3.00     500.00      30.00   130  -2.12348
      3.00     500.00      30.00   131  -2.14895
      3.00     500.00      30.00   132  -2.17194
      3.00     500.00      30.00   133  -2.19242
      3.00     500.00      30.00   134  -2.21037
      3.00     500.00      30.00   135  -2.22579
      3.00     500.00      30.00   136  -2.23868
      3.00     500.00      30.00   137  -2.24902
      3.00     500.00      30.00   138  -2.25682
      3.00     500.00      30.00   139  -2.26208
      3.00     500.00      30.00   140  -2.26479
      3.00     500.00      30.00   141  -2.26498
      3.00     500.00      30.00   142  -2.26265
      3.00     500.00      30.00   143  -2.25780
      3.00     500.00      30.00   144  -2.25047
      3.00     500.00      30.00   145  -2.24066
      3.00     500.00      30.00   146  -2.22839
      3.00     500.00      30.00   147  -2.21370
      3.00     500.00      30.00   148  -2.19660
      3.00     500.00      30.00   149  -2.17712
      3.00     500.00      30.00   150  -2.15530
      3.00     500.00      30.00   151  -2.13117
      3.00     500.00      30.00   152  -2.10476
      3.00     500.00      30.00   153  -2.07611
      3.00     500.00      30.00   154  -2.04527
      3.00     500.00      30.00   155  -2.01228
      3.00     500.00      30.00   156  -1.97718
      3.00     500.00      30.00   157  -1.94002
      3.00     500.00      30.00   158  -1.90085
      3.00     500.00      30.00   159  -1.85972
      3.00     500.00      30.00   160  -1.81668
      3.00     500.00      30.00   161  -1.77180
      3.00     500.00      30.00   162  -1.72512
      3.00     500.00      30.00   163  -1.67671
      3.00     500.00      30.00   164  -1.62662
      3.00     500.00      30.00   165  -1.57493
      3.00     500.00      30.00   166  -1.52169
      3.00     500.00      30.00   167  -1.46697
      3.00     500.00      30.00   168  -1.41083
      3.00     500.00      30.00   169  -1.35335
      3.00     500.00      30.00   170  -1.29460
      3.00     500.00      30.00   171  -1.23463
      3.00     500.00      30.00   172  -1.17354
      3.00     500.00      30.00   173  -1.11138
      3.00     500.00      30.00   174  -1.04823
      3.00     500.00      30.00   175  -0.98417
      3.00     500.00      30.00   176  -0.91926
      3.00     500.00      30.00   177  -0.85360
      3.00     500.00      30.00   178  -0.78724
      3.00     500.00      30.00   179  -0.72028
      3.00     500.00      30.00   180  -0.65278
      3.00     500.00      30.00   181  -0.58482
      3.00     500.00      30.00   182  -0.51649
      3.00     500.00      30.00   183  -0.44785
      3.00     500.00      30.00   184  -0.37899
      3.00     500.00      30.00   185  -0.30998
      3.00     500.00      30.00   186  -0.24090
      3.00     500.00      30.00   187  -0.17183
      3.00     500.00      30.00   188  -0.10285
      3.00     500.00      30.00   189  -0.03402
      3.00     500.00      30.00   190   0.03456
      3.00     500.00      30.00   191   0.10284
      3.00     500.00      30.00   192   0.17073
      3.00     500.00      30.00   193   0.23816
      3.00     500.00      30.00   194   0.30505
      3.00     500.00      30.00   195   0.37134
      3.00     500.00      30.00   196   0.43695
      3.00     500.00      30.00   197   0.50181
      3.00     500.00      30.00   198   0.56585
      3.00     500.00      30.00   199   0.62901
      3.00     500.00      30.00   200   0.69121
      3.00     500.00      30.00   201   0.75240
      3.00     500.00      30.00   202   0.81251
      3.00     500.00      30.00   203   0.87147
      3.00     500.00      30.00   204   0.92923
      3.00     500.00      30.00   205   0.98572
      3.00     500.00      30.00   206   1.04090
      3.00     500.00      30.00   207   1.09469
      3.00     500.00      30.00   208   1.14705
      3.00     500.00      30.00   209   1.19792
      3.00     500.00      30.00   210   1.24726
      3.00     500.00      30.00   211   1.29501
      3.00     500.00      30.00   212   1.34113
      3.00     500.00      30.00   213   1.38558
      3.00     500.00      30.00   214   1.42830
      3.00     500.00      30.00   215   1.46927
      3.00     500.00      30.00   216   1.50844
      3.00     500.00      30.00   217   1.54577
      3.00     500.00      30.00   218   1.58123
      3.00     500.00      30.00   219   1.61479
      3.00     500.00      30.00   220   1.64643
      3.00     500.00      30.00   221   1.67610
      3.00     500.00      30.00   222   1.70379
      3.00     500.00      30.00   223   1.72947
      3.00     500.00      30.00   224   1.75313
      3.00     500.00      30.00   225   1.77474
      3.00     500.00      30.00   226   1.79429
      3.00     500.00      30.00   227   1.81176
      3.00     500.00      30.00   228   1.82715
      3.00     500.00      30.00   229   1.84044
      3.00     500.00      30.00   230   1.85164
      3.00     500.00      30.00   231   1.86072
      3.00     500.00      30.00   232   1.86770
      3.00     500.00      30.00   233   1.87258
      3.00     500.00      30.00   234   1.87535
      3.00     500.00      30.00   235   1.87602
      3.00     500.00      30.00   236   1.87461
      3.00     500.00      30.00   237   1.87111
      3.00     500.00      30.00   238   1.86554
      3.00     500.00      30.00   239   1.85793
      3.00     500.00      30.00   240   1.84827
      3.00     500.00      30.00   241   1.83660
      3.00     500.00      30.00   242   1.82292
      3.00     500.00      30.00   243   1.80728
      3.00     500.00      30.00   244   1.78968
      3.00     500.00      30.00   245   1.77017
      3.00     500.00      30.00   246   1.74876
      3.00     500.00      30.00   247   1.72549
      3.00     500.00      30.00   248   1.70040
      3.00     500.00      30.00   249   1.67351
      3.00     500.00      30.00   250   1.64487
      3.00     500.00      30.00   251   1.61451
      3.00     500.00      30.00   252   1.58248
      3.00     500.00      30.00   253   1.54881
      3.00     500.00      30.00   254   1.51356
      3.00     500.00      30.00   255   1.47676
      3.00     500.00      30.00   256   1.43846
      3.00     500.00      30.00   257   1.39872
      3.00     500.00      30.00   258   1.35758
      3.00     500.00      30.00   259   1.31509
      3.00     500.00      30.00   260   1.27131
      3.00     500.00      30.00   261   1.22629
      3.00     500.00      30.00   262   1.18008
      3.00     500.00      30.00   263   1.13275
      3.00     500.00      30.00   264   1.08434
      3.00     500.00      30.00   265   1.03492
      3.00     500.00      30.00   266   0.98455
      3.00     500.00      30.00   267   0.93328
      3.00     500.00      30.00   268   0.88118
      3.00     500.00      30.00   269   0.82830
      3.00     500.00      30.00   270   0.77472
      3.00     500.00      30.00   271   0.72048
      3.00     500.00      30.00   272   0.66566
      3.00     500.00      30.00   273   0.61032
      3.00     500.00      30.00   274   0.55452
      3.00     500.00      30.00   275   0.49833
      3.00     500.00      30.00   276   0.44181
      3.00     500.00      30.00   277   0.38502
      3.00     500.00      30.00   278   0.32803
      3.00     500.00      30.00   279   0.27090
      3.00     500.00      30.00   280   0.21370
      3.00     500.00      30.00   281   0.15648
      3.00     500.00      30.00   282   0.09933
      3.00     500.00      30.00   283   0.04229
      3.00     500.00      30.00   284  -0.01457
      3.00     500.00      30.00   285  -0.07119
      3.00     500.00      30.00   286  -0.12750
      3.00     500.00      30.00   287  -0.18344
      3.00     500.00      30.00   288  -0.23896
      3.00     500.00      30.00   289  -0.29399
      3.00     500.00      30.00   290  -0.34847
      3.00     500.00      30.00   291  -0.40235
      3.00     500.00      30.00   292  -0.45556
      3.00     500.00      30.00   293  -0.50806
      3.00     500.00      30.00   294  -0.55978
      3.00     500.00      30.00   295  -0.61067
      3.00     500.00      30.00   296  -0.66068
      3.00     500.00      30.00   297  -0.70975
      3.00     500.00      30.00   298  -0.75784
      3.00     500.00      30.00   299  -0.80489
      3.00     500.00      30.00   300  -0.85086
      3.00     500.00      30.00   301  -0.89570
      3.00     500.00      30.00   302  -0.93936
      3.00     500.00      30.00   303  -0.98180
      3.00     500.00      30.00   304  -1.02298
      3.00     500.00      30.00   305  -1.06286
      3.00     500.00      30.00   306  -1.10140
      3.00     500.00      30.00   307  -1.13855
      3.00     500.00      30.00   308  -1.17429
      3.00     500.00      30.00   309  -1.20859
      3.00     500.00      30.00   310  -1.24140
      3.00     500.00      30.00   311  -1.27270
      3.00     500.00      30.00   312  -1.30245
      3.00     500.00      30.00   313  -1.33064
      3.00     500.00      30.00   314  -1.35724
      3.00     500.00      30.00   315  -1.38222
      3.00     500.00      30.00   316  -1.40556
      3.00     500.00      30.00   317  -1.42724
      3.00     500.00      30.00   318  -1.44725
      3.00     500.00      30.00   319  -1.46557
      3.00     500.00      30.00   320  -1.48218
      3.00     500.00      30.00   321  -1.49708
      3.00     500.00      30.00   322  -1.51026
      3.00     500.00      30.00   323  -1.52170
      3.00     500.00      30.00   324  -1.53140
      3.00     500.00      30.00   325  -1.53936
      3.00     500.00      30.00   326  -1.54557
      3.00     500.00      30.00   327  -1.55004
      3.00     500.00      30.00   328  -1.55277
      3.00     500.00      30.00   329  -1.55375
      3.00     500.00      30.00   330  -1.55301
      3.00     500.00      30.00   331  -1.55054
      3.00     500.00      30.00   332  -1.54635
      3.00     500.00      30.00   333  -1.54046
      3.00     500.00      30.00   334  -1.53288
      3.00     500.00      30.00   335  -1.52363
      3.00     500.00      30.00   336  -1.51271
      3.00     500.00      30.00   337  -1.50016
      3.00     500.00      30.00   338  -1.48598
      3.00     500.00      30.00   339  -1.47021
      3.00     500.00      30.00   340  -1.45287
      3.00     500.00      30.00   341  -1.43398
      3.00     500.00      30.00   342  -1.41357
      3.00     500.00      30.00   343  -1.39166
      3.00     500.00      30.00   344  -1.36830
      3.00     500.00      30.00   345  -1.34351
      3.00     500.00      30.00   346  -1.31732
      3.00     500.00      30.00   347  -1.28977
      3.00     500.00      30.00   348  -1.26089
      3.00     500.00      30.00   349  -1.23073
      3.00     500.00      30.00   350  -1.19931
      3.00     500.00      30.00   351  -1.16669
      3.00     500.00      30.00   352  -1.13290
      3.00     500.00      30.00   353  -1.09799
      3.00     500.00      30.00   354  -1.06199
      3.00     500.00      30.00   355  -1.02495
      3.00     500.00      30.00   356  -0.98692
      3.00     500.00      30.00   357  -0.94795
      3.00     500.00      30.00   358  -0.90807
      3.00     500.00      30.00   359  -0.86734
      3.00     500.00      30.00   360  -0.82582
      3.00     500.00      30.00   361  -0.78353
      3.00     500.00      30.00   362  -0.74055
      3.00     500.00      30.00   363  -0.69691
      3.00     500.00      30.00   364  -0.65267
      3.00     500.00      30.00   365  -0.60788
      3.00     500.00      30.00   366  -0.56260
      3.00     500.00      30.00   367  -0.51687
      3.00     500.00      30.00   368  -0.47074
      3.00     500.00      30.00   369  -0.42428
      3.00     500.00      30.00   370  -0.37753
      3.00     500.00      30.00   371  -0.33055
      3.00     500.00      30.00   372  -0.28338
      3.00     500.00      30.00   373  -0.23609
      3.00     500.00      30.00   374  -0.18872
      3.00     500.00      30.00   375  -0.14134
      3.00     500.00      30.00   376  -0.09398
      3.00     500.00      30.00   377  -0.04672
      3.00     500.00      30.00   378   0.00042
      3.00     500.00      30.00   379   0.04736
      3.00     500.00      30.00   380   0.09407
      3.00     500.00      30.00   381   0.14048
      3.00     500.00      30.00   382   0.18655
      3.00     500.00      30.00   383   0.23223
      3.00     500.00      30.00   384   0.27747
      3.00     500.00      30.00   385   0.32222
      3.00     500.00      30.00   386   0.36643
      3.00     500.00      30.00   387   0.41006
      3.00     500.00      30.00   388   0.45306
      3.00     500.00      30.00   389   0.49538
      3.00     500.00      30.00   390   0.53698
      3.00     500.00      30.00   391   0.57782
      3.00     500.00      30.00   392   0.61785
      3.00     500.00      30.00   393   0.65704
      3.00     500.00      30.00   394   0.69534
      3.00     500.00      30.00   395   0.73271
      3.00     500.00      30.00   396   0.76911
      3.00     500.00      30.00   397   0.80452
      3.00     500.00      30.00   398   0.83889
      3.00     500.00      30.00   399   0.87218
      3.00     500.00      30.00   400   0.90438
      3.00     500.00      30.00   401   0.93544
      3.00     500.00      30.00   402   0.96533
      3.00     500.00      30.00   403   0.99403
      3.00     500.00      30.00   404   1.02151
      3.00     500.00      30.00   405   1.04775
      3.00     500.00      30.00   406   1.07271
      3.00     500.00      30.00   407   1.09638
      3.00     500.00      30.00   408   1.11873
      3.00     500.00      30.00   409   1.13976
      3.00     500.00      30.00   410   1.15942
      3.00     500.00      30.00   411   1.17773
      3.00     500.00      30.00   412   1.19464
      3.00     500.00      30.00   413   1.21016
      3.00     500.00      30.00   414   1.22427
      3.00     500.00      30.00   415   1.23696
      3.00     500.00      30.00   416   1.24823
      3.00     500.00      30.00   417   1.25806
      3.00     500.00      30.00   418   1.26645
      3.00     500.00      30.00   419   1.27340
      3.00     500.00      30.00   420   1.27891
      3.00     500.00      30.00   421   1.28297
      3.00     500.00      30.00   422   1.28558
      3.00     500.00      30.00   423   1.28676
      3.00     500.00      30.00   424   1.28649
      3.00     500.00      30.00   425   1.28480
      3.00     500.00      30.00   426   1.28169
      3.00     500.00      30.00   427   1.27716
      3.00     500.00      30.00   428   1.27123
      3.00     500.00      30.00   429   1.26390
      3.00     500.00      30.00   430   1.25520
      3.00     500.00      30.00   431   1.24514
      3.00     500.00      30.00   432   1.23373
      3.00     500.00      30.00   433   1.22100
      3.00     500.00      30.00   434   1.20695
      3.00     500.00      30.00   435   1.19162
      3.00     500.00      30.00   436   1.17503
      3.00     500.00      30.00   437   1.15719
      3.00     500.00      30.00   438   1.13814
      3.00     500.00      30.00   439   1.11789
      3.00     500.00      30.00   440   1.09649
      3.00     500.00      30.00   441   1.07395
      3.00     500.00      30.00   442   1.05030
      3.00     500.00      30.00   443   1.02558
      3.00     500.00      30.00   444   0.99982
      3.00     500.00      30.00   445   0.97304
      3.00     500.00      30.00   446   0.94530
      3.00     500.00      30.00   447   0.91661
      3.00     500.00      30.00   448   0.88701
      3.00     500.00      30.00   449   0.85655
      3.00     500.00      30.00   450   0.82525
      3.00     500.00      30.00   451   0.79316
      3.00     500.00      30.00   452   0.76032
      3.00     500.00      30.00   453   0.72676
      3.00     500.00      30.00   454   0.69253
      3.00     500.00      30.00   455   0.65766
      3.00     500.00      30.00   456   0.62220
      3.00     500.00      30.00   457   0.58619
      3.00     500.00      30.00   458   0.54967
      3.00     500.00      30.00   459   0.51268
      3.00     500.00      30.00   460   0.47528
      3.00     500.00      30.00   461   0.43749
      3.00     500.00      30.00   462   0.39936
      3.00     500.00      30.00   463   0.36095
      3.00     500.00      30.00   464   0.32228
      3.00     500.00      30.00   465   0.28342
      3.00     500.00      30.00   466   0.24439
      3.00     500.00      30.00   467   0.20524
      3.00     500.00      30.00   468   0.16603
      3.00     500.00      30.00   469   0.12678
      3.00     500.00      30.00   470   0.08755
      3.00     500.00      30.00   471   0.04838
      3.00     500.00      30.00   472   0.00931
      3.00     500.00      30.00   473  -0.02961
      3.00     500.00      30.00   474  -0.06834
      3.00     500.00      30.00   475  -0.10685
      3.00     500.00      30.00   476  -0.14508
      3.00     500.00      30.00   477  -0.18299
      3.00     500.00      30.00   478  -0.22055
      3.00     500.00      30.00   479  -0.25772
      3.00     500.00      30.00   480  -0.29445
      3.00     500.00      30.00   481  -0.33071
      3.00     500.00      30.00   482  -0.36645
      3.00     500.00      30.00   483  -0.40165
      3.00     500.00      30.00   484  -0.43625
      3.00     500.00      30.00   485  -0.47023
      3.00     500.00      30.00   486  -0.50356
      3.00     500.00      30.00   487  -0.53619
      3.00     500.00      30.00   488  -0.56809
      3.00     500.00      30.00   489  -0.59923
      3.00     500.00      30.00   490  -0.62959
      3.00     500.00      30.00   491  -0.65912
      3.00     500.00      30.00   492  -0.68780
      3.00     500.00      30.00   493  -0.71560
      3.00     500.00      30.00   494  -0.74249
      3.00     500.00      30.00   495  -0.76845
      3.00     500.00      30.00   496  -0.79345
      3.00     500.00      30.00   497  -0.81747
      3.00     500.00      30.00   498  -0.84048
      3.00     500.00      30.00   499  -0.86246
      3.00     500.00      30.00   500  -0.88340
